TimeStamp,Value
20220927141119,10.982728004455566
20220927141120,10.982728004455566
20220927141121,10.986816883087158
20220927141122,11.0154390335083
20220927141123,10.999083518981934
20220927141124,10.950016975402832
20220927141125,11.420238018035889
20220927141126,10.974550247192383
20220927141127,11.432504653930664
20220927141128,10.999083518981934
20220927141129,10.982728004455566
20220927141130,11.003172397613525
20220927141131,10.982728004455566
20220927141132,10.982728004455566
20220927141133,10.970461368560791
20220927141134,11.039972305297852
20220927141135,11.007261276245117
20220927141136,11.007261276245117
20220927141137,10.9663724899292
20220927141138,11.003172397613525
20220927141139,10.99090576171875
20220927141140,10.986816883087158
20220927141141,11.052238941192627
20220927141142,11.007261276245117
20220927141143,10.974550247192383
20220927141144,11.011350154876709
20220927141145,10.974550247192383
20220927141146,16.024315357208252
20220927141147,29.92241382598877
20220927141148,17.790710926055908
20220927141149,85.2858304977417
20220927141150,116.56984090805054
20220927141151,96.15815877914429
20220927141152,78.16709280014038
20220927141153,79.6063780784607
20220927141154,65.92907905578613
20220927141155,87.8781795501709
20220927141156,66.32570028305054
20220927141157,11.19534969329834
20220927141158,11.178994178771973
20220927141159,11.183083057403564
20220927141200,11.203527450561523
20220927141201,11.17490530014038
20220927141202,11.19534969329834
20220927141203,12.025392055511475
20220927141204,11.775970458984375
20220927141205,10.659706592559814
20220927141206,10.941839218139648
20220927141207,10.17313003540039
20220927141208,10.160863399505615
20220927141209,10.189485549926758
20220927141210,10.181307792663574
20220927141211,10.152685642242432
20220927141212,10.177218914031982
20220927141213,10.189485549926758
20220927141214,10.164952278137207
20220927141215,10.19357442855835
20220927141216,10.181307792663574

